DAF1L
1 1 88 42 255
DAF1R
2 1 88 42 255
DAF2L
3 25 153 45 255
DAF2R
4 25 153 45 255
DAP1L
5 29 100 41 255
DAP1R
6 29 100 41 255
DAP2L
7 45 131 52 255
DAP2R
8 45 131 52 255
DAP3L
9 10 132 8 255
DAP3R
10 10 132 8 255
DAT1L
11 2 123 8 255
DAT1R
12 2 123 8 255
DMF1L
13 212 37 49 255
DMF1R
14 212 37 49 255
DMF2L
15 192 53 79 255
DMF2R
16 192 53 79 255
DMF3L
17 184 82 95 255
DMF3R
18 184 82 95 255
DMP1L
19 225 81 59 255
DMP1R
20 225 81 59 255
DMP2L
21 185 94 29 255
DMP2R
22 185 94 29 255
DMT1L
23 168 21 103 255
DMT1R
24 168 21 103 255
DMT2L
25 255 75 75 255
DMT2R
26 255 75 75 255
FPF1L
27 211 149 42 255
FPF1R
28 211 149 42 255
FPF2L
29 227 137 21 255
FPF2R
30 227 137 21 255
FPF3L
31 255 132 29 255
FPF3R
32 255 132 29 255
FPF4L
33 196 102 66 255
FPF4R
34 196 102 66 255
FPF5L
35 255 98 14 255
FPF5R
36 255 98 14 255
FPP1L
37 228 142 73 255
FPP1R
38 228 142 73 255
FPP2L
39 193 122 74 255
FPP2R
40 193 122 74 255
FPT1L
41 242 163 66 255
FPT1R
42 242 163 66 255
VAF1L
43 189 37 226 255
VAF1R
44 189 37 226 255
VAF2L
45 205 98 204 255
VAF2R
46 205 98 204 255
VAF3L
47 229 50 213 255
VAF3R
48 229 50 213 255
VAF4L
49 154 46 255 255
VAF4R
50 154 46 255 255
VAF5L
51 213 36 244 255
VAF5R
52 213 36 244 255
VAI1L
53 189 29 255 255
VAI1R
54 189 29 255 255
VAP1L
55 196 41 255 255
VAP1R
56 196 41 255 255
VAP2L
57 189 63 255 255
VAP2R
58 189 63 255 255
VAT1L
59 158 60 234 255
VAT1R
60 158 60 234 255
SMF1L
61 45 152 215 255
SMF1R
62 45 152 215 255
SMF2L
63 36 163 187 255
SMF2R
64 36 163 187 255
SMF3L
65 43 111 155 255
SMF3R
66 43 111 155 255
SMI1L
67 50 86 154 255
SMI1R
68 50 86 154 255
SMT1L
69 86 121 186 255
SMT1R
70 86 121 186 255
VI01L
71 118 12 84 255
VI01R
72 118 12 84 255
VI02L
73 122 3 85 255
VI02R
74 122 3 85 255
VI03L
75 86 0 138 255
VI03R
76 86 0 138 255
VI04L
77 170 0 124 255
VI04R
78 170 0 124 255
VI05L
79 98 17 86 255
VI05R
80 98 17 86 255
